[general]

[features]

[tracker]

; out_channels = {"mod1": 64, "mod2": 256, "mod3": 512, "mod4": 1024, "mod5": 2048}
num_features = 2000
num_levels = 8
scale_factor = 1.2

detector_type = "SHI_TOMASI" 
descriptor_type = "ORB"

match_ratio_test = 0.7
tracker_type = "DES_BF"

[camera]
width = 968
height = 608

intrinsics = [543.3327734182214, 542.398772982566, 489.02536042247897, 305.38727712002805]
distortion_coeffs = [-0.1255945656257394, 0.053221287232781606, 9.94070021080493e-05, 9.550660927242349e-05]

fps = 10

[dataset]
path=/media/torres/ssd_1tb/Archaeo/archaeo_sequence_6_raw_data/raw_data/ 
name="Archaeo"
fps = 10
associations=None
type="Archaeo"




