[general]

[features]

[tracker]

num_features = 50
num_levels = 8
scale_factor = 1.2

detector_type = "SIFT" 
descriptor_type = "ORB"

match_ratio_test = 1.0
tracker_type = "DES_BF"

[camera]
width = 968
height = 608

intrinsics = [543.3327734182214, 542.398772982566, 489.02536042247897, 305.38727712002805]
distortion_coeffs = [-0.1255945656257394, 0.053221287232781606, 9.94070021080493e-05, 9.550660927242349e-05]

[dataset]
path=/media/torres/ssd_1tb/Archaeo/archaeo_sequence_7_raw_data/raw_data/
ground_truth=/media/torres/ssd_1tb/Archaeo/archaeo_groundtruth_files/colmap_traj_sequence_7.txt
name="Archaeo"
associations=None
type="Archaeo"
fps = 10
gt_fps = 10






